image: cartographer-001.pgm
resolution: 0.050000
origin: [-37.465108, -18.325937, 0.000000]
negate: 0
occupied_thresh: 0.65
free_thresh: 0.196

