image: gampping-001.pgm
resolution: 0.020000
origin: [-42.760000, -42.120000, 0.000000]
negate: 0
occupied_thresh: 0.65
free_thresh: 0.196

