image: gmapping-002.pgm
resolution: 0.020000
origin: [-19.080000, -23.560000, 0.000000]
negate: 0
occupied_thresh: 0.65
free_thresh: 0.196

