image: gmapping-004.pgm
resolution: 0.020000
origin: [-62.600000, -26.760000, 0.000000]
negate: 0
occupied_thresh: 0.65
free_thresh: 0.196

